20      
Maruti 0 2017 38.81 16.00 3.04 19.00
Mahindra 1 2013 21.16 32.00 6.44 13.00
Honda 2 2012 20.15 29.00 3.44 13.00
Suzuki 3 2007 14.02 12.00 1.90 6.00
Maruti 4 2005 24.95 12.00 7.78 14.00
Honda 5 2013 25.21 27.00 5.23 7.00
Suzuki 6 2017 22.73 34.00 5.05 10.00
Maruti 7 2007 11.38 23.00 6.26 19.00
Audi 8 2015 33.99 32.00 1.32 5.00
Suzuki 9 2007 22.35 21.00 3.52 13.00
Honda 10 2009 35.26 38.00 7.30 18.00
Audi 11 2013 19.15 23.00 6.81 16.00
Maruti 12 2013 22.66 23.00 7.18 19.00
Audi 13 2007 22.85 23.00 5.66 12.00
BMW 14 2016 11.37 33.00 7.13 16.00
Suzuki 15 2009 15.90 30.00 1.57 19.00
Volks 16 2020 27.61 23.00 5.40 20.00
Honda 17 2008 20.76 24.00 7.93 17.00
Merc 18 2012 23.71 11.00 9.18 9.00
BMW 19 2006 38.35 25.00 9.42 18.00